-3.22757 0.00231827
-2.92505 0.00575739
-2.77957 0.00852732
-2.67595 0.0111143
-2.59409 0.0135601
-2.52624 0.0161425
-2.46848 0.018667
-2.41782 0.0209427
-2.37265 0.0234785
-2.33157 0.0252791
-2.29385 0.0278702
-2.25964 0.0307171
-2.22803 0.0326083
-2.19818 0.0344619
-2.17011 0.0368679
-2.14373 0.0390045
-2.11874 0.0410718
-2.09498 0.0431562
-2.07222 0.0447687
-2.05048 0.0472935
-2.02977 0.0492957
-2.01001 0.0519782
-1.99109 0.0537739
-1.97274 0.0552252
-1.95498 0.0574456
-1.93792 0.0598132
-1.92137 0.0610919
-1.90525 0.0629983
-1.88961 0.0649229
-1.87449 0.0673612
-1.85992 0.0700111
-1.8457 0.0705863
-1.8317 0.0723112
-1.81802 0.0738917
-1.80481 0.0775666
-1.79194 0.0778885
-1.77929 0.0802197
-1.76696 0.0819789
-1.75484 0.083024
-1.74294 0.0850913
-1.73125 0.0860421
-1.71984 0.0893339
-1.70877 0.0912844
-1.69786 0.0920632
-1.68711 0.0940122
-1.67655 0.0953442
-1.66614 0.0968177
-1.65596 0.0997757
-1.64604 0.101811
-1.63624 0.102235
-1.62657 0.104537
-1.61702 0.104946
-1.60762 0.1079
-1.59841 0.109261
-1.58926 0.109393
-1.58017 0.11049
-1.57126 0.114121
-1.56255 0.115625
-1.55395 0.116731
-1.54547 0.119129
-1.53711 0.120274
-1.52889 0.123021
-1.52081 0.124509
-1.51274 0.123241
-1.50471 0.125966
-1.49681 0.127286
-1.48905 0.130388
-1.48142 0.131695
-1.47381 0.131046
-1.46626 0.133823
-1.45887 0.137013
-1.45163 0.139246
-1.4444 0.13725
-1.43713 0.137921
-1.42995 0.140686
-1.42293 0.144161
-1.41595 0.142723
-1.40896 0.143062
-1.40209 0.148424
-1.39542 0.151517
-1.38881 0.150709
-1.38216 0.150302
-1.37557 0.153142
-1.36909 0.155351
-1.36265 0.155283
-1.35625 0.157192
-1.34997 0.161228
-1.34373 0.159697
-1.3375 0.161129
-1.33136 0.164699
-1.32528 0.164448
-1.31927 0.167994
-1.31333 0.169038
-1.30737 0.166429
-1.30139 0.167679
-1.29544 0.168484
-1.28955 0.171227
-1.28374 0.173057
-1.27797 0.173705
-1.27224 0.175363
-1.26655 0.175824
-1.26091 0.179116
-1.25531 0.178174
-1.24974 0.180953
-1.24424 0.182377
-1.23877 0.183447
-1.23336 0.185862
-1.22802 0.18891
-1.22273 0.189017
-1.21745 0.189821
-1.21221 0.191747
-1.20698 0.191018
-1.20175 0.191573
-1.19654 0.192351
-1.1914 0.196471
-1.1863 0.195323
-1.18118 0.195812
-1.17608 0.196336
-1.17105 0.201068
-1.16607 0.200676
-1.16111 0.202401
-1.15616 0.201993
-1.15122 0.202328
-1.14632 0.206268
-1.14148 0.206855
-1.13665 0.206924
-1.13184 0.209001
-1.12708 0.211399
-1.12236 0.212021
-1.11764 0.211708
-1.11293 0.212979
-1.10824 0.21416
-1.10361 0.217153
-1.09901 0.218249
-1.09443 0.217793
-1.08986 0.219901
-1.08534 0.223315
-1.08084 0.220821
-1.07633 0.222276
-1.07186 0.225336
-1.06743 0.226224
-1.06298 0.223671
-1.05857 0.229363
-1.05423 0.232066
-1.04992 0.231155
-1.04559 0.23055
-1.04125 0.230305
-1.03691 0.230598
-1.03261 0.234531
-1.02835 0.235035
-1.02409 0.234909
-1.01984 0.235844
-1.01558 0.233077
-1.01134 0.238723
-1.00715 0.238564
-1.00297 0.239805
-0.998821 0.24268
-0.994737 0.247044
-0.99066 0.243602
-0.98653 0.240658
-0.982403 0.243928
-0.978329 0.247041
-0.974299 0.249313
-0.970301 0.250911
-0.966335 0.253385
-0.962354 0.249026
-0.95835 0.250439
-0.95437 0.252061
-0.95041 0.253081
-0.946463 0.253615
-0.942556 0.258265
-0.938677 0.257352
-0.934784 0.256433
-0.930903 0.258956
-0.927039 0.258572
-0.923191 0.261238
-0.919388 0.264628
-0.915628 0.267377
-0.911852 0.26233
-0.908065 0.265786
-0.9043 0.265405
-0.900553 0.268366
-0.896826 0.268315
-0.893123 0.27174
-0.889442 0.271657
-0.885743 0.268965
-0.882044 0.271719
-0.878356 0.270605
-0.874682 0.273869
-0.87105 0.276769
-0.867438 0.27686
-0.863852 0.280967
-0.86028 0.278962
-0.856707 0.280758
-0.853142 0.280218
-0.849576 0.280614
-0.846027 0.282954
-0.842479 0.28082
-0.838923 0.281592
-0.835386 0.28386
-0.831863 0.283824
-0.828349 0.285278
-0.824857 0.287515
-0.821385 0.288527
-0.817916 0.287978
-0.814428 0.285521
-0.810943 0.288396
-0.807495 0.291677
-0.804082 0.294214
-0.800669 0.291815
-0.797256 0.294239
-0.793863 0.295098
-0.790455 0.291879
-0.787058 0.296953
-0.78369 0.296759
-0.78031 0.295036
-0.776946 0.299431
-0.773594 0.297277
-0.770236 0.2984
-0.76689 0.299369
-0.763522 0.29437
-0.760163 0.301248
-0.756859 0.304031
-0.753575 0.304934
-0.750292 0.304377
-0.747027 0.308123
-0.743767 0.305309
-0.740517 0.310222
-0.737283 0.308091
-0.734035 0.307796
-0.730783 0.307161
-0.72754 0.309499
-0.724311 0.30989
-0.721077 0.308705
-0.71785 0.310924
-0.714643 0.312758
-0.711446 0.312786
-0.70824 0.311019
-0.705022 0.31057
-0.70183 0.315997
-0.698656 0.314236
-0.695476 0.314688
-0.692323 0.319629
-0.689185 0.317671
-0.686037 0.317646
-0.682891 0.31815
-0.679772 0.323033
-0.67667 0.321843
-0.673572 0.323707
-0.670467 0.320506
-0.667346 0.320119
-0.664234 0.32262
-0.661147 0.325207
-0.65808 0.326931
-0.655024 0.327644
-0.651967 0.326461
-0.6489 0.325673
-0.645829 0.325572
-0.642762 0.326657
-0.639709 0.328344
-0.636655 0.326538
-0.63361 0.330347
-0.630583 0.330447
-0.627556 0.330285
-0.624536 0.331802
-0.621511 0.329357
-0.618481 0.330901
-0.615481 0.335669
-0.612482 0.331295
-0.609487 0.336535
-0.606514 0.336058
-0.603531 0.334527
-0.600544 0.334995
-0.597575 0.338595
-0.594625 0.339422
-0.591672 0.337841
-0.588719 0.339508
-0.585779 0.340746
-0.582837 0.339063
-0.579913 0.34507
-0.577001 0.341604
-0.574052 0.336758
-0.5711 0.340742
-0.568166 0.340915
-0.565236 0.341606
-0.562318 0.343804
-0.559417 0.34557
-0.556528 0.346897
-0.553644 0.346489
-0.550763 0.347747
-0.547869 0.343397
-0.544958 0.343537
-0.542068 0.348521
-0.53919 0.346617
-0.536301 0.345435
-0.533418 0.348376
-0.530548 0.348429
-0.527677 0.348198
-0.524813 0.350242
-0.521964 0.351746
-0.519107 0.348423
-0.516259 0.353646
-0.513436 0.354992
-0.510609 0.352496
-0.507778 0.353879
-0.504974 0.359425
-0.502198 0.361091
-0.499421 0.359007
-0.496639 0.360051
-0.493842 0.355015
-0.491014 0.352083
-0.48819 0.356245
-0.485372 0.353441
-0.482562 0.358404
-0.479788 0.362692
-0.477037 0.364088
-0.474276 0.36031
-0.47149 0.357756
-0.468706 0.360677
-0.465938 0.361784
-0.463159 0.357905
-0.4604 0.367141
-0.457678 0.367556
-0.454944 0.363957
-0.452176 0.358756
-0.4494 0.361727
-0.44663 0.360312
-0.443868 0.363653
-0.441112 0.36197
-0.438375 0.368904
-0.435651 0.365483
-0.432915 0.36536
-0.43019 0.368536
-0.427474 0.368063
-0.424768 0.370878
-0.422073 0.371258
-0.419388 0.373784
-0.416711 0.373218
-0.414018 0.369358
-0.411321 0.372371
-0.408634 0.371857
-0.405948 0.372878
-0.403261 0.37123
-0.400583 0.375734
-0.397908 0.371967
-0.39522 0.371942
-0.392544 0.375591
-0.389866 0.371378
-0.387185 0.374517
-0.384519 0.375699
-0.381854 0.374612
-0.379176 0.37246
-0.376496 0.373621
-0.373818 0.37325
-0.37115 0.376406
-0.368499 0.378076
-0.365855 0.378183
-0.363205 0.376529
-0.360543 0.374915
-0.357883 0.37706
-0.355235 0.378182
-0.352581 0.375426
-0.349928 0.378428
-0.347281 0.376981
-0.34463 0.377695
-0.341993 0.380617
-0.339351 0.376387
-0.336708 0.380304
-0.334076 0.379763
-0.331448 0.381206
-0.328843 0.386609
-0.326257 0.38667
-0.323646 0.379603
-0.321018 0.381351
-0.3184 0.382648
-0.315783 0.381404
-0.313161 0.381519
-0.310538 0.381019
-0.307932 0.386437
-0.305348 0.387551
-0.302772 0.388692
-0.300195 0.387364
-0.297617 0.388451
-0.295022 0.382382
-0.29242 0.386216
-0.289826 0.384965
-0.287234 0.386519
-0.284658 0.389821
-0.28208 0.386038
-0.279496 0.38812
-0.276911 0.38545
-0.274315 0.38515
-0.27174 0.391332
-0.269187 0.392098
-0.266636 0.39209
-0.264078 0.389702
-0.261504 0.387352
-0.258931 0.389773
-0.256358 0.387685
-0.253785 0.389736
-0.25122 0.389765
-0.248656 0.390256
-0.246088 0.388753
-0.243516 0.388784
-0.240969 0.396449
-0.238427 0.390296
-0.23588 0.395043
-0.233356 0.397478
-0.230833 0.395062
-0.228305 0.396231
-0.225786 0.397644
-0.223263 0.394984
-0.220732 0.395279
-0.218201 0.394981
-0.215662 0.392628
-0.213128 0.396756
-0.210607 0.396629
-0.208071 0.392009
-0.205526 0.393745
-0.202985 0.39347
-0.200448 0.394978
-0.197927 0.398261
-0.19542 0.399505
-0.19291 0.397182
-0.190403 0.400627
-0.18789 0.395377
-0.185356 0.39377
-0.182825 0.396415
-0.180299 0.395455
-0.177783 0.399676
-0.17529 0.402567
-0.172795 0.398801
-0.170309 0.405931
-0.167817 0.396557
-0.165314 0.402579
-0.162821 0.399877
-0.160293 0.391387
-0.157761 0.398511
-0.15525 0.397829
-0.152743 0.400172
-0.150242 0.399271
-0.147741 0.400544
-0.145247 0.401342
-0.142755 0.401306
-0.140262 0.400815
-0.137762 0.399122
-0.135246 0.395903
-0.132707 0.391694
-0.130167 0.3958
-0.127656 0.400906
-0.125156 0.398926
-0.12265 0.399168
-0.120141 0.398156
-0.117647 0.403567
-0.115163 0.401563
-0.112683 0.404942
-0.110213 0.404985
-0.107726 0.399214
-0.105229 0.401745
-0.10274 0.401814
-0.100234 0.396097
-0.0977149 0.397953
-0.0952183 0.403163
-0.0927415 0.40434
-0.0902558 0.400286
-0.0877445 0.396127
-0.0852361 0.401235
-0.0827396 0.399874
-0.0802328 0.397958
-0.0777221 0.398657
-0.0752223 0.401387
-0.0727206 0.39809
-0.0702294 0.404797
-0.0677427 0.399505
-0.065247 0.401888
-0.0627658 0.404188
-0.0603084 0.409728
-0.0578448 0.402154
-0.0553523 0.400254
-0.052871 0.40581
-0.0504038 0.404824
-0.0479122 0.397938
-0.0454035 0.399294
-0.0429144 0.404226
-0.0404449 0.405659
-0.0379665 0.401336
-0.0354719 0.400414
-0.0329792 0.401912
-0.0304975 0.404015
-0.0280204 0.403355
-0.0255551 0.407931
-0.0230884 0.402917
-0.020611 0.404397
-0.0181216 0.399035
-0.0155996 0.394023
-0.0130806 0.399979
-0.01058 0.399811
-0.00809196 0.404071
-0.00560559 0.400333
-0.00310863 0.400642
-0.000630729 0.406534
0.00183509 0.40456
0.00433042 0.397007
0.00682831 0.403728
0.0093106 0.401983
0.0117959 0.402741
0.0142825 0.401569
0.0167779 0.399909
0.0192538 0.407966
0.0217199 0.403057
0.0242037 0.402166
0.026681 0.405193
0.02915 0.404822
0.0316066 0.40935
0.0340662 0.403821
0.0365405 0.404498
0.0390279 0.39958
0.0415338 0.398548
0.0440275 0.403491
0.0465029 0.404469
0.048971 0.40588
0.051442 0.403523
0.0539298 0.400383
0.0564297 0.399679
0.0589226 0.402587
0.0614054 0.40295
0.0638979 0.399477
0.0663886 0.403545
0.0688638 0.404469
0.0713469 0.400986
0.0738253 0.406011
0.0762989 0.402563
0.0787841 0.402199
0.0812693 0.402541
0.0837467 0.404774
0.0862308 0.400359
0.0887116 0.405887
0.0911989 0.398268
0.0936961 0.402653
0.096186 0.400596
0.0986782 0.401909
0.101152 0.406725
0.103629 0.400625
0.106136 0.397123
0.108639 0.402104
0.111104 0.409305
0.113565 0.403336
0.116055 0.399882
0.118545 0.403257
0.12105 0.39537
0.123567 0.39923
0.126072 0.399129
0.128592 0.394554
0.131116 0.397837
0.133636 0.395955
0.136172 0.392664
0.138694 0.400299
0.141194 0.399733
0.143708 0.395821
0.146227 0.398303
0.148733 0.399535
0.151234 0.400383
0.153753 0.39363
0.156292 0.39384
0.158807 0.401619
0.161293 0.402789
0.16378 0.401403
0.166264 0.403771
0.168765 0.395946
0.171289 0.396642
0.173811 0.396345
0.17634 0.394298
0.178864 0.39819
0.181375 0.398407
0.183896 0.394727
0.186443 0.390614
0.188996 0.392856
0.191524 0.398316
0.194034 0.398373
0.196544 0.398682
0.199072 0.392396
0.201605 0.397338
0.204137 0.392325
0.206698 0.388697
0.209256 0.393112
0.211807 0.391099
0.214345 0.39682
0.216873 0.394423
0.219428 0.388265
0.221993 0.391465
0.22455 0.390802
0.227102 0.392894
0.229665 0.38761
0.232214 0.397191
0.234745 0.392792
0.237288 0.393656
0.239828 0.393782
0.242364 0.394871
0.244898 0.394457
0.247455 0.387729
0.250025 0.390459
0.252595 0.387795
0.255181 0.385718
0.257766 0.388007
0.260343 0.388048
0.262918 0.388475
0.265477 0.393367
0.268038 0.387641
0.270601 0.392611
0.273172 0.385457
0.275742 0.392786
0.278299 0.38929
0.280872 0.388011
0.283462 0.384242
0.286061 0.385245
0.288657 0.385329
0.291262 0.38235
0.293877 0.382488
0.29649 0.382966
0.299094 0.384946
0.301703 0.381606
0.304313 0.384863
0.306907 0.385926
0.309526 0.377993
0.312163 0.380355
0.314794 0.379874
0.317412 0.384094
0.320015 0.384076
0.322622 0.383229
0.325233 0.382783
0.327842 0.383799
0.330443 0.384985
0.333058 0.379912
0.335691 0.379702
0.338322 0.380615
0.340948 0.380929
0.343576 0.380069
0.346221 0.376224
0.348888 0.373682
0.351543 0.379638
0.354186 0.376955
0.35684 0.376619
0.359507 0.373432
0.362176 0.375874
0.364847 0.372794
0.367492 0.383609
0.370131 0.374284
0.372801 0.374875
0.375472 0.373876
0.378149 0.373202
0.380829 0.37303
0.383507 0.373893
0.386169 0.3775
0.388811 0.379339
0.391476 0.371249
0.39417 0.371063
0.396862 0.372082
0.399544 0.373678
0.402236 0.369078
0.404939 0.370863
0.407638 0.370325
0.410339 0.370157
0.413035 0.371675
0.415752 0.36454
0.418481 0.368131
0.421196 0.368548
0.42391 0.368441
0.426627 0.367727
0.429354 0.365618
0.432091 0.365014
0.434822 0.36736
0.437558 0.363706
0.440314 0.361909
0.44307 0.363871
0.445831 0.360635
0.448585 0.365419
0.451348 0.358615
0.454125 0.361602
0.456878 0.364784
0.459613 0.366508
0.462344 0.36576
0.465086 0.363838
0.467845 0.361029
0.470627 0.357729
0.473429 0.356269
0.47624 0.355146
0.479041 0.358964
0.481829 0.358425
0.484625 0.35676
0.487421 0.358585
0.490213 0.357719
0.493007 0.358054
0.49581 0.355575
0.498604 0.360185
0.501404 0.354159
0.504231 0.353432
0.507062 0.353047
0.509886 0.354998
0.512729 0.348643
0.515573 0.354695
0.518411 0.350023
0.521273 0.348731
0.524141 0.348644
0.527 0.35096
0.529855 0.349421
0.532725 0.347632
0.535613 0.344753
0.538524 0.342287
0.541438 0.344195
0.544339 0.345065
0.547242 0.34407
0.550148 0.344097
0.553048 0.345471
0.555953 0.343101
0.558871 0.342361
0.561774 0.346382
0.56466 0.346844
0.567555 0.344023
0.570445 0.347939
0.573343 0.342244
0.576301 0.333922
0.579273 0.339082
0.582224 0.338689
0.585179 0.338046
0.588145 0.336387
0.591125 0.334821
0.594104 0.336443
0.597057 0.340943
0.6 0.338472
0.602981 0.332566
0.605995 0.331034
0.609001 0.33437
0.612004 0.331488
0.615019 0.331964
0.618016 0.335441
0.620991 0.336696
0.623987 0.331022
0.627004 0.33182
0.630028 0.329507
0.633064 0.329355
0.636116 0.325927
0.639163 0.330463
0.642202 0.327743
0.645254 0.327551
0.648312 0.326475
0.651388 0.32377
0.654453 0.328797
0.657515 0.324343
0.660589 0.326197
0.663691 0.318625
0.666826 0.319524
0.669949 0.320862
0.673065 0.320963
0.676193 0.318338
0.679337 0.317753
0.682472 0.320312
0.685602 0.318577
0.688763 0.314336
0.691925 0.318131
0.695072 0.317395
0.698265 0.309098
0.701493 0.310365
0.704695 0.314318
0.707879 0.31381
0.711076 0.311934
0.714275 0.313204
0.71748 0.310865
0.720726 0.30531
0.723998 0.3058
0.727279 0.303805
0.730559 0.306015
0.733826 0.306178
0.737107 0.303323
0.740406 0.303073
0.743701 0.303864
0.747 0.302349
0.750297 0.304236
0.753606 0.300254
0.756964 0.295409
0.760324 0.299762
0.763652 0.301273
0.766987 0.298389
0.770323 0.301155
0.77367 0.296443
0.777067 0.292347
0.780473 0.294925
0.783867 0.294339
0.787268 0.293728
0.790667 0.294664
0.79408 0.291379
0.79754 0.286614
0.800985 0.29407
0.804419 0.288401
0.80789 0.287726
0.811371 0.286829
0.814871 0.284681
0.818409 0.280627
0.821952 0.28391
0.825465 0.285439
0.828982 0.283238
0.832524 0.281337
0.83609 0.279525
0.839684 0.276953
0.843294 0.277125
0.84689 0.279003
0.850458 0.281536
0.854057 0.274244
0.857692 0.276033
0.861324 0.274635
0.864986 0.271473
0.868631 0.277369
0.872254 0.274625
0.875912 0.272165
0.879616 0.267825
0.883347 0.268188
0.887083 0.267222
0.890816 0.268561
0.894526 0.270397
0.898238 0.268484
0.901988 0.264883
0.905763 0.264824
0.909554 0.262796
0.913389 0.258753
0.917265 0.257289
0.92116 0.256116
0.925045 0.25879
0.928895 0.260589
0.932751 0.258165
0.936618 0.259083
0.940528 0.252455
0.944473 0.254506
0.948416 0.252727
0.952389 0.250686
0.956397 0.248339
0.960388 0.252809
0.964359 0.250825
0.968352 0.250098
0.972397 0.244412
0.976446 0.249559
0.980493 0.244649
0.984576 0.245252
0.98869 0.240931
0.992857 0.239047
0.997005 0.243145
1.00114 0.240333
1.00531 0.238921
1.0095 0.238716
1.0137 0.237318
1.01794 0.234571
1.02222 0.23278
1.02654 0.230054
1.03087 0.232677
1.03516 0.233415
1.03951 0.226288
1.04391 0.227677
1.0483 0.228483
1.05272 0.22358
1.05719 0.224424
1.06162 0.226716
1.06606 0.223617
1.07055 0.222379
1.07506 0.221049
1.07961 0.21806
1.08419 0.218793
1.08876 0.218753
1.09335 0.216821
1.09798 0.215699
1.10261 0.21599
1.10725 0.21539
1.11191 0.213568
1.1166 0.212819
1.1213 0.212658
1.12606 0.207221
1.1309 0.206049
1.13575 0.206592
1.1406 0.206139
1.14546 0.204921
1.15036 0.203316
1.15532 0.20026
1.16031 0.199904
1.16533 0.19852
1.17041 0.195207
1.17552 0.19633
1.18064 0.19481
1.18574 0.196785
1.19086 0.193795
1.19607 0.190279
1.20135 0.188874
1.20663 0.189753
1.21193 0.187812
1.21723 0.189091
1.22256 0.186513
1.22794 0.185035
1.23337 0.183277
1.23882 0.184014
1.2443 0.180688
1.24986 0.179241
1.25549 0.176023
1.26118 0.175405
1.26686 0.176554
1.27257 0.173846
1.27834 0.172648
1.28416 0.170941
1.29003 0.169681
1.29596 0.168067
1.30191 0.167874
1.30793 0.164393
1.31399 0.165764
1.32007 0.163084
1.32623 0.161484
1.33248 0.158581
1.33877 0.159582
1.34506 0.15825
1.35139 0.157478
1.35777 0.156387
1.36418 0.15531
1.37069 0.152196
1.37732 0.149384
1.384 0.149873
1.39073 0.147424
1.39752 0.147288
1.4044 0.143469
1.41134 0.144499
1.4183 0.142977
1.42536 0.140165
1.43252 0.139116
1.43975 0.137696
1.44705 0.136318
1.45439 0.136264
1.46181 0.133252
1.46934 0.132258
1.47692 0.131658
1.48461 0.128587
1.49242 0.127247
1.50032 0.126023
1.50831 0.124303
1.51641 0.12271
1.52455 0.122755
1.53279 0.120209
1.54113 0.119561
1.54961 0.116287
1.55825 0.115226
1.56699 0.113584
1.57582 0.112835
1.58475 0.111159
1.59383 0.109131
1.60302 0.108616
1.61236 0.105618
1.62193 0.103263
1.63166 0.102261
1.64147 0.101578
1.65144 0.0991611
1.66162 0.0973581
1.67213 0.0929709
1.6828 0.0945048
1.69346 0.0932071
1.70433 0.0907158
1.71551 0.0881782
1.72697 0.0864612
1.73861 0.085316
1.75038 0.0846373
1.76237 0.082223
1.77473 0.0795607
1.78746 0.077545
1.80057 0.0751104
1.81394 0.0745231
1.82748 0.0731377
1.84147 0.0698962
1.85589 0.068796
1.87066 0.0666585
1.88591 0.0645472
1.9015 0.0637286
1.91756 0.0608903
1.93432 0.0584452
1.95158 0.0574839
1.96936 0.0550141
1.98783 0.0533436
2.00698 0.0511009
2.02686 0.0495676
2.04747 0.0474892
2.06901 0.0454142
2.09139 0.0439637
2.11491 0.041155
2.13981 0.0392186
2.16592 0.0374258
2.19349 0.0352011
2.22288 0.0329056
2.25464 0.0301971
2.28898 0.0281098
2.3261 0.0258638
2.36681 0.0233902
2.41197 0.0210232
2.46235 0.0188027
2.51965 0.0162794
2.58672 0.0137552
2.66782 0.0111717
2.77082 0.00858496
2.91667 0.00570707
3.2208 0.00230922
