-3.14325 0.00272539
-2.88202 0.00642887
-2.75064 0.00932771
-2.65545 0.0120225
-2.58018 0.0148448
-2.51775 0.0173926
-2.46353 0.0196285
-2.41555 0.0222128
-2.37286 0.0247777
-2.33418 0.0270266
-2.29842 0.0289749
-2.26532 0.0315602
-2.23463 0.0336666
-2.20594 0.0361342
-2.17908 0.0383943
-2.15381 0.0408324
-2.12981 0.042527
-2.1067 0.0440542
-2.08452 0.0461522
-2.06329 0.0481099
-2.04309 0.0509871
-2.02391 0.0533252
-2.00549 0.0552848
-1.98769 0.0570871
-1.97034 0.0582169
-1.95349 0.0605006
-1.9372 0.0623281
-1.92136 0.0639614
-1.906 0.0662623
-1.89111 0.0681063
-1.87673 0.0710755
-1.86269 0.0713007
-1.84878 0.0724818
-1.83524 0.0753031
-1.82207 0.0766218
-1.80921 0.0789172
-1.79668 0.0806891
-1.78441 0.0823769
-1.77237 0.083725
-1.76062 0.0865974
-1.74915 0.0877411
-1.73788 0.0896548
-1.72685 0.091716
-1.71604 0.0933192
-1.70539 0.0944661
-1.69482 0.0948269
-1.68444 0.0978586
-1.67427 0.0987844
-1.66436 0.103068
-1.65464 0.102769
-1.64495 0.103583
-1.6354 0.105994
-1.62602 0.107089
-1.61676 0.109024
-1.6077 0.111703
-1.59876 0.111945
-1.58988 0.113268
-1.58109 0.114473
-1.57242 0.116133
-1.56389 0.118234
-1.55547 0.119368
-1.54714 0.120757
-1.53893 0.122789
-1.5309 0.12651
-1.52295 0.124994
-1.51501 0.127003
-1.50723 0.130081
-1.49955 0.130178
-1.49192 0.132038
-1.48439 0.133476
-1.47689 0.133168
-1.46946 0.136149
-1.46214 0.13719
-1.45491 0.139342
-1.44778 0.141214
-1.44063 0.138676
-1.43358 0.144796
-1.42666 0.144194
-1.41976 0.145829
-1.41293 0.146967
-1.40617 0.148824
-1.39947 0.149792
-1.39284 0.152088
-1.38632 0.154634
-1.37984 0.153737
-1.37334 0.154027
-1.36689 0.156174
-1.3605 0.156714
-1.35418 0.159638
-1.34792 0.160101
-1.34165 0.159016
-1.33545 0.163486
-1.32941 0.167599
-1.3234 0.165448
-1.31739 0.167279
-1.31147 0.1703
-1.3056 0.170587
-1.29973 0.170165
-1.29391 0.173616
-1.28816 0.17414
-1.28239 0.172563
-1.2766 0.172799
-1.2709 0.178146
-1.26532 0.180407
-1.25973 0.177166
-1.25413 0.180084
-1.2486 0.18162
-1.24318 0.187383
-1.23781 0.185193
-1.23239 0.183782
-1.22699 0.186396
-1.22166 0.189281
-1.21636 0.187524
-1.21105 0.18934
-1.20577 0.189373
-1.20054 0.19286
-1.19535 0.192734
-1.19018 0.194191
-1.1851 0.199686
-1.1801 0.200138
-1.1751 0.199901
-1.1701 0.200123
-1.16511 0.20087
-1.16016 0.202943
-1.15525 0.20489
-1.15038 0.205738
-1.14552 0.205565
-1.14065 0.205162
-1.13579 0.206431
-1.13099 0.209902
-1.12624 0.211526
-1.12152 0.212398
-1.11682 0.212589
-1.11214 0.214958
-1.10748 0.214063
-1.1028 0.213788
-1.09817 0.217417
-1.09355 0.215973
-1.08892 0.215627
-1.08432 0.219178
-1.07979 0.222825
-1.07531 0.223118
-1.0708 0.220231
-1.06628 0.222472
-1.06182 0.225984
-1.05736 0.223048
-1.05293 0.227614
-1.04856 0.230625
-1.04422 0.230397
-1.03984 0.226492
-1.03546 0.229146
-1.03111 0.231252
-1.02681 0.233371
-1.02252 0.232801
-1.01826 0.236924
-1.01402 0.235284
-1.00981 0.23955
-1.00562 0.237752
-1.00144 0.240821
-0.99727 0.238682
-0.993092 0.240096
-0.988953 0.243158
-0.984836 0.242581
-0.980749 0.246842
-0.976687 0.245479
-0.972586 0.242236
-0.968498 0.247089
-0.964453 0.247335
-0.960408 0.247098
-0.956373 0.248553
-0.952366 0.250641
-0.948389 0.252257
-0.944451 0.25557
-0.940534 0.255025
-0.936609 0.254481
-0.932708 0.258314
-0.928832 0.257617
-0.92497 0.260376
-0.921154 0.263744
-0.917321 0.258029
-0.913475 0.262102
-0.909629 0.257959
-0.905775 0.260912
-0.901951 0.262068
-0.898122 0.260316
-0.894309 0.264189
-0.890542 0.266866
-0.886822 0.270717
-0.883114 0.268742
-0.879379 0.266727
-0.875663 0.271517
-0.871977 0.270986
-0.868312 0.274819
-0.864684 0.27646
-0.861061 0.275489
-0.85745 0.278378
-0.853832 0.274549
-0.850202 0.276386
-0.846615 0.281177
-0.843052 0.280232
-0.839462 0.27684
-0.835878 0.281302
-0.83234 0.283989
-0.828805 0.281711
-0.825274 0.284723
-0.821763 0.284972
-0.818263 0.286422
-0.814776 0.287069
-0.811281 0.285334
-0.80778 0.285797
-0.804297 0.288472
-0.80082 0.286843
-0.79733 0.28614
-0.793845 0.28784
-0.790405 0.293593
-0.787004 0.294476
-0.783599 0.292797
-0.780177 0.291747
-0.776779 0.296834
-0.77342 0.298512
-0.77007 0.298552
-0.766727 0.299696
-0.763402 0.301833
-0.760084 0.300938
-0.756731 0.295596
-0.753357 0.29723
-0.750006 0.299506
-0.74668 0.30192
-0.743352 0.299071
-0.740018 0.30069
-0.736721 0.305996
-0.733442 0.30398
-0.730159 0.305271
-0.726892 0.306931
-0.723644 0.308887
-0.720401 0.307744
-0.71714 0.305623
-0.713901 0.31178
-0.710682 0.309618
-0.707437 0.306813
-0.704213 0.313555
-0.701017 0.312263
-0.697807 0.310674
-0.694594 0.311853
-0.691382 0.310829
-0.688169 0.311594
-0.684956 0.3109
-0.681772 0.317366
-0.678637 0.320539
-0.675509 0.318848
-0.67238 0.320389
-0.669248 0.318101
-0.666103 0.317832
-0.662958 0.318145
-0.659825 0.320157
-0.656694 0.31865
-0.653542 0.315989
-0.650395 0.319595
-0.647261 0.318574
-0.644133 0.320812
-0.64104 0.325809
-0.637985 0.32892
-0.634938 0.327349
-0.631873 0.325276
-0.628804 0.326244
-0.625762 0.331436
-0.622752 0.332855
-0.619718 0.326426
-0.616674 0.33071
-0.613647 0.329882
-0.610625 0.33201
-0.607619 0.333462
-0.604602 0.329299
-0.60157 0.330419
-0.598556 0.333138
-0.595565 0.33549
-0.592572 0.33272
-0.589573 0.334311
-0.586598 0.337937
-0.583647 0.339697
-0.580689 0.336616
-0.57772 0.337049
-0.574761 0.338757
-0.571802 0.337096
-0.568837 0.337384
-0.565883 0.339677
-0.562962 0.345154
-0.560013 0.333244
-0.556997 0.329963
-0.554011 0.339963
-0.55107 0.340157
-0.548133 0.340638
-0.545192 0.339473
-0.542266 0.344086
-0.539373 0.347356
-0.536487 0.34557
-0.533581 0.342574
-0.530665 0.343286
-0.527757 0.344458
-0.524843 0.342089
-0.521948 0.348676
-0.519068 0.345843
-0.516184 0.347531
-0.513318 0.350425
-0.510455 0.34815
-0.507581 0.347646
-0.504704 0.347511
-0.501813 0.344394
-0.498931 0.349494
-0.496095 0.355786
-0.493255 0.348522
-0.490411 0.354788
-0.487613 0.360141
-0.484808 0.352922
-0.481979 0.354024
-0.479165 0.356773
-0.476374 0.35982
-0.473602 0.36156
-0.47083 0.360101
-0.46804 0.356662
-0.465229 0.354954
-0.462423 0.357684
-0.459629 0.358231
-0.456838 0.358358
-0.454054 0.359914
-0.451305 0.367846
-0.448577 0.365151
-0.445816 0.35947
-0.443024 0.356679
-0.440253 0.365196
-0.437521 0.367067
-0.434789 0.365024
-0.432045 0.363721
-0.429297 0.364164
-0.426543 0.361982
-0.423788 0.364059
-0.421045 0.364909
-0.418288 0.360606
-0.415537 0.36642
-0.41281 0.367111
-0.410101 0.371019
-0.407394 0.367846
-0.404662 0.364339
-0.401943 0.371181
-0.399233 0.367024
-0.396517 0.369138
-0.393798 0.366428
-0.391069 0.366482
-0.388346 0.368065
-0.385652 0.374467
-0.382974 0.372416
-0.380298 0.374966
-0.377609 0.368857
-0.374918 0.374392
-0.372242 0.372878
-0.36955 0.370238
-0.366868 0.375329
-0.364209 0.376831
-0.361546 0.374259
-0.358884 0.376979
-0.356217 0.373156
-0.353546 0.375403
-0.350869 0.37193
-0.348197 0.376525
-0.345534 0.374396
-0.342894 0.383231
-0.340288 0.384277
-0.337671 0.379991
-0.335031 0.377641
-0.332391 0.380112
-0.329757 0.379099
-0.327124 0.380519
-0.324491 0.379097
-0.321866 0.38262
-0.319246 0.380923
-0.316617 0.379681
-0.313985 0.380203
-0.311359 0.381348
-0.308745 0.384019
-0.306131 0.380858
-0.303512 0.382855
-0.300914 0.387228
-0.298318 0.382985
-0.29571 0.384061
-0.293119 0.387801
-0.290539 0.387364
-0.287941 0.382413
-0.285341 0.386895
-0.282752 0.385512
-0.280169 0.388819
-0.277586 0.385566
-0.274988 0.384293
-0.272403 0.389421
-0.26983 0.387765
-0.267276 0.395471
-0.264732 0.390647
-0.262189 0.396049
-0.259631 0.385828
-0.25704 0.386089
-0.254456 0.387998
-0.251884 0.389698
-0.249328 0.392757
-0.246781 0.392221
-0.244214 0.38692
-0.241625 0.385823
-0.239053 0.391699
-0.236498 0.391132
-0.233933 0.388463
-0.231348 0.385512
-0.228761 0.387583
-0.226188 0.389528
-0.223628 0.391911
-0.221087 0.395214
-0.218528 0.38616
-0.215958 0.392312
-0.213403 0.390293
-0.210834 0.388431
-0.20826 0.388564
-0.205689 0.389254
-0.203132 0.392928
-0.200581 0.391191
-0.198018 0.389067
-0.195468 0.395115
-0.192932 0.39369
-0.190379 0.389676
-0.187822 0.392536
-0.185277 0.393253
-0.182726 0.390887
-0.180165 0.390077
-0.177636 0.400854
-0.175118 0.393544
-0.172586 0.396368
-0.170074 0.399741
-0.167573 0.400004
-0.165035 0.388045
-0.162468 0.391178
-0.159923 0.39462
-0.157387 0.394205
-0.154849 0.393727
-0.15233 0.400299
-0.14983 0.399524
-0.147326 0.399197
-0.144817 0.398228
-0.1423 0.396357
-0.139777 0.39621
-0.137221 0.386308
-0.134664 0.396078
-0.132159 0.402265
-0.129662 0.398889
-0.127155 0.398683
-0.124664 0.404428
-0.122184 0.401927
-0.119681 0.397263
-0.11718 0.402462
-0.114694 0.401984
-0.112201 0.400377
-0.109712 0.403143
-0.107224 0.400611
-0.104727 0.400343
-0.102235 0.402364
-0.0997542 0.403686
-0.0972634 0.399282
-0.0947615 0.400121
-0.0922603 0.399509
-0.0897655 0.402142
-0.0872813 0.402953
-0.084783 0.397627
-0.0822788 0.40104
-0.0797822 0.400076
-0.0772766 0.398126
-0.074785 0.404615
-0.0723163 0.405531
-0.0698188 0.39542
-0.067318 0.4044
-0.0648342 0.40085
-0.0623463 0.403025
-0.0598582 0.400809
-0.0573836 0.407482
-0.0549315 0.408138
-0.052472 0.405051
-0.0499928 0.401666
-0.0474907 0.39767
-0.0449834 0.400031
-0.0424835 0.399995
-0.0399757 0.397533
-0.0374504 0.394442
-0.0349287 0.398708
-0.032418 0.397871
-0.029915 0.401179
-0.0274131 0.398255
-0.0249089 0.400398
-0.0224148 0.401481
-0.0199178 0.399486
-0.017432 0.405144
-0.0149588 0.403519
-0.0124802 0.403397
-0.00999423 0.401112
-0.00751114 0.404351
-0.00502915 0.401464
-0.00256387 0.40989
-0.000129501 0.411682
0.00231784 0.405578
0.00477483 0.408435
0.00723348 0.405034
0.00970337 0.404718
0.0121855 0.401054
0.0146794 0.400912
0.0171508 0.408422
0.0195951 0.409808
0.0220629 0.400715
0.0245555 0.401683
0.0270466 0.401175
0.0295336 0.402982
0.0319981 0.408583
0.0344676 0.401372
0.0369553 0.402599
0.039413 0.411246
0.0418645 0.404625
0.0443511 0.399713
0.046844 0.402605
0.0493138 0.407186
0.0517759 0.405132
0.0542363 0.407761
0.0566886 0.407782
0.0591751 0.396742
0.0616878 0.399221
0.0641815 0.40279
0.066648 0.408131
0.0690992 0.407798
0.071563 0.403973
0.0740566 0.398111
0.0765442 0.405975
0.0790175 0.40267
0.0815131 0.398761
0.084024 0.397749
0.0865254 0.401839
0.089001 0.406051
0.0914833 0.399719
0.0939938 0.396951
0.0964978 0.401789
0.0989843 0.402568
0.101479 0.399153
0.103971 0.403447
0.10644 0.40673
0.10892 0.399702
0.111427 0.398056
0.113945 0.396247
0.116467 0.396741
0.118974 0.400962
0.121468 0.400864
0.123969 0.399022
0.126489 0.394614
0.129007 0.399716
0.131507 0.40034
0.134015 0.396888
0.136519 0.402106
0.139012 0.399994
0.141525 0.396057
0.144047 0.396849
0.146556 0.400348
0.149074 0.393959
0.151605 0.396153
0.154147 0.390777
0.156702 0.392112
0.159247 0.393721
0.161763 0.401116
0.16427 0.396559
0.166785 0.398911
0.169289 0.399629
0.171807 0.39469
0.174335 0.39652
0.176857 0.396611
0.179371 0.398726
0.181871 0.401544
0.184366 0.399836
0.186884 0.394561
0.189415 0.39564
0.191951 0.393078
0.194512 0.387779
0.19707 0.394273
0.199616 0.391122
0.202166 0.393213
0.204696 0.397247
0.207215 0.397009
0.209746 0.39321
0.212301 0.389429
0.214861 0.39199
0.217416 0.390654
0.219969 0.392826
0.222514 0.392974
0.225041 0.398454
0.227584 0.388123
0.230152 0.390858
0.232719 0.388302
0.235292 0.388938
0.237864 0.388621
0.24046 0.381889
0.243042 0.392934
0.245585 0.393313
0.248149 0.386864
0.250732 0.387507
0.253308 0.388964
0.255876 0.38984
0.258436 0.391149
0.260996 0.390219
0.26354 0.39609
0.266087 0.389055
0.268667 0.386325
0.271253 0.386962
0.273837 0.38717
0.27643 0.384034
0.279043 0.381454
0.281657 0.383461
0.284266 0.38331
0.286858 0.388168
0.289444 0.385326
0.292057 0.380142
0.294674 0.384012
0.29729 0.380641
0.299917 0.380562
0.302544 0.380897
0.305162 0.383104
0.307758 0.38707
0.310359 0.381926
0.312951 0.389858
0.315542 0.382234
0.318165 0.380033
0.320785 0.383493
0.323397 0.382201
0.326014 0.381878
0.328639 0.380183
0.331273 0.37898
0.333916 0.377729
0.336566 0.377251
0.33923 0.373322
0.341881 0.381126
0.344513 0.378755
0.347155 0.378495
0.349801 0.377203
0.352461 0.374641
0.355134 0.373717
0.357813 0.372719
0.360497 0.372415
0.363175 0.374393
0.365865 0.369221
0.368569 0.370412
0.371263 0.371982
0.373949 0.372811
0.376624 0.374732
0.379315 0.368536
0.38204 0.365284
0.384758 0.370704
0.387454 0.371036
0.39015 0.371014
0.392837 0.373085
0.395527 0.370568
0.398224 0.370952
0.400929 0.368566
0.403652 0.365717
0.406376 0.368647
0.409101 0.365296
0.411843 0.364052
0.414584 0.365762
0.417312 0.367292
0.420018 0.371927
0.422704 0.372451
0.425381 0.374786
0.428058 0.372279
0.430757 0.368896
0.433485 0.364083
0.43624 0.362017
0.439019 0.35763
0.4418 0.361622
0.444584 0.35667
0.447371 0.361023
0.450156 0.357235
0.45295 0.358389
0.455749 0.356155
0.458554 0.356974
0.461351 0.358158
0.464157 0.354419
0.46698 0.354259
0.469791 0.357252
0.472582 0.359161
0.475393 0.352545
0.478227 0.353161
0.481073 0.349472
0.483931 0.350386
0.486771 0.353795
0.489592 0.355166
0.492406 0.355548
0.495236 0.351167
0.498075 0.353552
0.50089 0.356815
0.503699 0.355297
0.506549 0.346545
0.509413 0.351802
0.512275 0.347098
0.515165 0.344851
0.518071 0.343277
0.520977 0.345001
0.523866 0.347242
0.526721 0.353551
0.529558 0.351298
0.532408 0.350499
0.535282 0.345364
0.538187 0.343196
0.541093 0.344938
0.543999 0.343375
0.54691 0.34375
0.549835 0.339923
0.552764 0.342879
0.555694 0.339797
0.55863 0.341316
0.561563 0.34076
0.564505 0.338959
0.567469 0.335913
0.570423 0.341159
0.573353 0.341452
0.576297 0.337866
0.579269 0.334944
0.58222 0.343068
0.585172 0.334384
0.588176 0.33157
0.591203 0.329129
0.594234 0.33069
0.597259 0.330384
0.600277 0.332379
0.603281 0.333293
0.606263 0.337631
0.609245 0.333037
0.61227 0.328179
0.615306 0.330582
0.61834 0.328457
0.621412 0.322828
0.624501 0.324643
0.627575 0.325822
0.630653 0.324064
0.633743 0.323054
0.636835 0.323914
0.639937 0.320726
0.64305 0.321747
0.646151 0.323229
0.649259 0.320338
0.652379 0.320764
0.655497 0.320549
0.658627 0.318502
0.661789 0.31406
0.664962 0.316281
0.668124 0.316248
0.671285 0.316417
0.674441 0.31723
0.677603 0.315357
0.680772 0.315677
0.683927 0.318393
0.687073 0.317167
0.690263 0.30999
0.693471 0.313364
0.696675 0.310942
0.699911 0.307106
0.703153 0.309883
0.706386 0.308765
0.709619 0.309705
0.71285 0.309349
0.716095 0.307023
0.719368 0.304073
0.722664 0.302654
0.725963 0.303641
0.729277 0.299807
0.732631 0.296573
0.735991 0.298698
0.739339 0.298633
0.742668 0.302172
0.745997 0.298721
0.749348 0.298098
0.752703 0.297999
0.756064 0.297085
0.75943 0.297078
0.762803 0.295859
0.766207 0.291691
0.769618 0.294698
0.773008 0.295212
0.7764 0.29439
0.779797 0.294372
0.783222 0.28956
0.786665 0.291343
0.790112 0.288971
0.793578 0.288028
0.797042 0.289428
0.800514 0.286529
0.804015 0.28479
0.807541 0.282433
0.811083 0.282265
0.814612 0.284479
0.818139 0.282563
0.82167 0.283841
0.825232 0.277712
0.828854 0.274379
0.832492 0.275444
0.836109 0.277432
0.839714 0.27749
0.843318 0.277327
0.846947 0.27391
0.850604 0.272905
0.854255 0.27488
0.857879 0.277108
0.861527 0.27122
0.865221 0.270103
0.868924 0.270001
0.872627 0.270126
0.876338 0.268868
0.880071 0.266826
0.883827 0.265748
0.88758 0.267109
0.891333 0.265761
0.89514 0.259663
0.89895 0.26541
0.902742 0.262048
0.906607 0.255468
0.910489 0.259773
0.914358 0.257108
0.918225 0.26018
0.922095 0.256664
0.926018 0.25309
0.92997 0.252964
0.933926 0.252613
0.937878 0.253509
0.94186 0.248822
0.945877 0.249001
0.949887 0.249798
0.953902 0.24834
0.957942 0.246655
0.961967 0.25028
0.965998 0.245972
0.970102 0.2414
0.974251 0.240606
0.978387 0.242921
0.982511 0.242078
0.986618 0.244896
0.990727 0.241923
0.994853 0.242755
0.999008 0.238644
1.00323 0.235364
1.00748 0.235188
1.01172 0.23629
1.01595 0.236863
1.02018 0.235542
1.02445 0.232697
1.02877 0.230678
1.03312 0.228645
1.03748 0.23071
1.04185 0.226619
1.04623 0.229973
1.05062 0.225656
1.05507 0.223696
1.05953 0.224805
1.06399 0.223317
1.06851 0.219148
1.07307 0.220282
1.07762 0.218809
1.08216 0.22209
1.08669 0.218967
1.09128 0.21686
1.09592 0.214162
1.1006 0.213097
1.1053 0.212835
1.11001 0.211686
1.11476 0.209374
1.11954 0.209362
1.12434 0.206911
1.12917 0.207264
1.13401 0.206255
1.13887 0.205218
1.14374 0.205233
1.1486 0.206287
1.15349 0.202696
1.15845 0.200908
1.16346 0.198166
1.1685 0.198573
1.17357 0.19582
1.17867 0.196277
1.18377 0.196198
1.18889 0.19394
1.19404 0.194669
1.1992 0.192849
1.20444 0.188867
1.20976 0.186913
1.21512 0.186435
1.22049 0.18607
1.2259 0.183532
1.23135 0.183161
1.23678 0.18532
1.24223 0.181745
1.24775 0.180842
1.25331 0.178954
1.25892 0.177204
1.26458 0.176401
1.27029 0.173785
1.27603 0.174498
1.28178 0.17344
1.28757 0.17176
1.29339 0.171849
1.29926 0.169139
1.30521 0.166871
1.31123 0.165244
1.31728 0.165714
1.32333 0.164573
1.32943 0.163694
1.33557 0.161888
1.3418 0.158894
1.34815 0.156342
1.35456 0.155768
1.36097 0.156202
1.36739 0.155105
1.37384 0.15518
1.38036 0.15177
1.38699 0.149839
1.39369 0.148685
1.40044 0.147564
1.40727 0.145354
1.41415 0.144975
1.42106 0.144838
1.42801 0.142688
1.43506 0.141224
1.44222 0.138148
1.44948 0.137287
1.45679 0.136385
1.46412 0.136318
1.4715 0.134857
1.47893 0.134018
1.48651 0.130034
1.49422 0.129515
1.50204 0.126121
1.50997 0.125945
1.5179 0.126399
1.52588 0.124144
1.534 0.122161
1.5422 0.121972
1.55048 0.119577
1.55892 0.117414
1.56753 0.114847
1.57623 0.115048
1.58496 0.114077
1.59384 0.11122
1.60284 0.110919
1.61198 0.108029
1.62133 0.105818
1.63076 0.106295
1.64025 0.104351
1.64991 0.102826
1.65975 0.100406
1.66977 0.0991256
1.67994 0.0975914
1.69039 0.0938817
1.70106 0.0936003
1.7118 0.0925901
1.72264 0.091933
1.73371 0.0887399
1.74502 0.0880911
1.75647 0.0865831
1.76819 0.0841669
1.78025 0.081725
1.79258 0.0804612
1.80525 0.0774524
1.81828 0.0760136
1.83151 0.075164
1.84493 0.073922
1.8587 0.0713445
1.87304 0.0681918
1.88773 0.0679484
1.90272 0.0655314
1.91813 0.0642835
1.93402 0.0616186
1.95046 0.0600719
1.96727 0.0589143
1.98463 0.0563207
2.00265 0.0547169
2.02121 0.0530434
2.04056 0.050394
2.06074 0.0487673
2.08168 0.0467618
2.10355 0.0447575
2.12647 0.0425389
2.15052 0.0406525
2.17562 0.0390636
2.20223 0.0362132
2.23077 0.0339383
2.26129 0.0316784
2.2942 0.0291868
2.32967 0.0272644
2.36827 0.0246837
2.41085 0.0223914
2.45821 0.0199768
2.51184 0.0174798
2.5739 0.0149486
2.64836 0.0121918
2.74291 0.0093385
2.87452 0.00640482
3.13586 0.00272815
